244.97	2.76497E-19
245.04	2.97607E-19
245.11	3.06623E-19
245.18	3.09207E-19
245.25	3.04833E-19
245.32	3.01874E-19
245.39	3.18496E-19
245.46	3.35662E-19
245.53	3.46717E-19
245.6	3.4891E-19
245.67	3.36918E-19
245.74	3.06586E-19
245.81	2.65771E-19
245.88	2.14632E-19
245.95	1.66666E-19
246.02	1.29936E-19
246.09	9.65682E-20
246.16	7.41003E-20
246.23	7.03076E-20
246.3	8.22521E-20
246.37	1.02497E-19
246.44	1.37577E-19
246.51	1.7114E-19
246.58	1.95114E-19
246.65	1.92934E-19
246.72	1.77474E-19
246.79	1.46879E-19
246.87	1.03091E-19
246.94	7.05531E-20
247.01	6.51059E-20
247.08	8.00604E-20
247.15	1.07522E-19
247.22	1.42597E-19
247.29	1.68096E-19
247.36	1.73777E-19
247.43	1.58827E-19
247.5	1.26384E-19
247.57	9.38304E-20
247.64	7.30859E-20
247.71	5.74071E-20
247.78	4.44658E-20
247.85	4.13032E-20
247.92	3.23454E-20
247.99	2.72922E-20
248.06	4.33995E-20
248.13	7.04176E-20
248.2	9.92077E-20
248.27	1.17688E-19
248.34	1.15671E-19
248.41	8.52755E-20
248.48	3.96814E-20
248.55	-2.08138E-20
248.62	-7.52552E-20
248.69	-1.19261E-19
248.76	-1.53554E-19
248.83	-1.70411E-19
248.9	-1.49452E-19
248.97	-9.36592E-20
249.04	-2.77887E-20
249.11	4.41055E-20
249.18	1.05598E-19
249.25	1.37625E-19
249.32	1.35928E-19
249.39	1.19521E-19
249.46	9.17698E-20
249.53	5.75067E-20
249.6	2.48747E-20
249.67	1.24026E-21
249.74	-9.5265E-21
249.81	-2.04001E-21
249.88	1.4369E-20
249.95	2.87215E-20
250.02	3.14027E-20
250.09	1.96313E-20
250.16	-1.30309E-20
250.23	-6.84563E-20
250.3	-1.28712E-19
250.37	-1.80557E-19
250.44	-2.31228E-19
250.51	-2.76624E-19
250.58	-2.97411E-19
250.65	-2.9055E-19
250.72	-2.56509E-19
250.79	-1.90947E-19
250.86	-9.78777E-20
250.93	-1.63163E-21
251	7.03672E-20
251.07	1.09975E-19
251.14	1.16135E-19
251.21	8.73503E-20
251.28	4.09278E-20
251.35	-1.21163E-21
251.42	-3.17992E-20
251.49	-4.21067E-20
251.56	-2.57214E-20
251.63	6.09517E-21
251.7	4.00953E-20
251.77	6.18266E-20
251.84	5.98333E-20
251.91	2.96256E-20
251.98	-1.91073E-20
252.05	-7.46327E-20
252.12	-1.36701E-19
252.18	-1.95635E-19
252.25	-2.55171E-19
252.32	-3.15452E-19
252.39	-3.76101E-19
252.46	-4.19216E-19
252.53	-4.46151E-19
252.6	-4.39126E-19
252.67	-3.77534E-19
252.74	-2.57919E-19
252.81	-1.11287E-19
252.88	3.139E-20
252.95	1.41544E-19
253.02	1.9512E-19
253.09	1.82671E-19
253.16	1.30618E-19
253.23	6.77032E-20
253.3	1.19017E-20
253.37	-2.09856E-20
253.44	-1.72476E-20
253.51	1.66692E-20
253.58	6.31644E-20
253.65	1.0555E-19
253.72	1.23693E-19
253.79	1.02254E-19
253.86	4.60489E-20
253.93	-2.61042E-20
254	-1.06172E-19
254.07	-1.83858E-19
254.14	-2.52946E-19
254.21	-3.17387E-19
254.28	-3.72292E-19
254.35	-4.13202E-19
254.41	-4.39274E-19
254.48	-4.50778E-19
254.55	-4.35702E-19
254.62	-3.92177E-19
254.69	-3.25442E-19
254.76	-2.38492E-19
254.83	-1.40321E-19
254.9	-4.80182E-20
254.97	1.97479E-20
255.04	6.14202E-20
255.11	7.96564E-20
255.18	8.31653E-20
255.25	8.5798E-20
255.32	1.00396E-19
255.39	1.35043E-19
255.46	1.80546E-19
255.53	2.23817E-19
255.6	2.50517E-19
255.67	2.54061E-19
255.74	2.28099E-19
255.81	1.80895E-19
255.87	1.15803E-19
255.94	4.41835E-20
256.01	-2.71737E-20
256.08	-9.48333E-20
256.15	-1.58105E-19
256.22	-2.11612E-19
256.29	-2.62827E-19
256.36	-3.13377E-19
256.43	-3.67202E-19
256.5	-4.20632E-19
256.57	-4.7026E-19
256.64	-5.085E-19
256.71	-5.31117E-19
256.78	-5.24665E-19
256.85	-4.83141E-19
256.92	-4.06421E-19
256.99	-2.98678E-19
257.05	-1.70825E-19
257.12	-4.57447E-20
257.19	6.07627E-20
257.26	1.45946E-19
257.33	2.20893E-19
257.4	3.03957E-19
257.47	3.9839E-19
257.54	4.89953E-19
257.61	5.62722E-19
257.68	5.95224E-19
257.75	5.77851E-19
257.82	5.11793E-19
257.89	4.23317E-19
257.96	3.26642E-19
258.03	2.31229E-19
258.09	1.40703E-19
258.16	5.3911E-20
258.23	-3.3301E-20
258.3	-1.18851E-19
258.37	-2.07767E-19
258.44	-3.02853E-19
258.51	-3.98003E-19
258.58	-4.93132E-19
258.65	-5.87607E-19
258.72	-6.75542E-19
258.79	-7.51461E-19
258.86	-8.16711E-19
258.93	-8.5362E-19
258.99	-8.39416E-19
259.06	-7.56437E-19
259.13	-5.89394E-19
259.2	-3.35812E-19
259.27	-3.26131E-20
259.34	2.7002E-19
259.41	5.30412E-19
259.48	7.20953E-19
259.55	8.31393E-19
259.62	8.78804E-19
259.69	8.9027E-19
259.76	8.7916E-19
259.82	8.45449E-19
259.89	7.88997E-19
259.96	7.18607E-19
260.03	6.31332E-19
260.1	5.30224E-19
260.17	4.25149E-19
260.24	3.17375E-19
260.31	2.03694E-19
260.38	8.69492E-20
260.45	-3.13943E-20
260.52	-1.51321E-19
260.59	-2.73397E-19
260.65	-3.9116E-19
260.72	-5.06436E-19
260.79	-6.1658E-19
260.86	-7.24394E-19
260.93	-8.26395E-19
261	-9.20707E-19
261.07	-1.00298E-18
261.14	-1.06713E-18
261.21	-1.0809E-18
261.28	-1.00334E-18
261.34	-8.00663E-19
261.41	-4.63292E-19
261.48	-3.46823E-20
261.55	4.08441E-19
261.62	7.86451E-19
261.69	1.04733E-18
261.76	1.17072E-18
261.83	1.20021E-18
261.9	1.19042E-18
261.97	1.17302E-18
262.03	1.14482E-18
262.1	1.10018E-18
262.17	1.03824E-18
262.24	9.47557E-19
262.31	8.33625E-19
262.38	7.06514E-19
262.45	5.69663E-19
262.52	4.2856E-19
262.59	2.85934E-19
262.65	1.42069E-19
262.72	4.88935E-23
262.79	-1.40532E-19
262.86	-2.80999E-19
262.93	-4.14135E-19
263	-5.42751E-19
263.07	-6.70379E-19
263.14	-7.90375E-19
263.21	-9.06907E-19
263.27	-1.01823E-18
263.34	-1.12047E-18
263.41	-1.20955E-18
263.48	-1.27174E-18
263.55	-1.26294E-18
263.62	-1.13143E-18
263.69	-8.41355E-19
263.76	-3.91804E-19
263.82	1.4923E-19
263.89	6.81363E-19
263.96	1.11806E-18
264.03	1.4029E-18
264.1	1.53428E-18
264.17	1.57997E-18
264.24	1.58736E-18
264.31	1.57569E-18
264.38	1.53762E-18
264.44	1.46437E-18
264.51	1.35446E-18
264.58	1.21906E-18
264.65	1.05826E-18
264.72	8.94363E-19
264.79	7.31776E-19
264.86	5.62452E-19
264.92	4.0001E-19
264.99	2.36855E-19
265.06	7.45762E-20
265.13	-8.33711E-20
265.2	-2.33703E-19
265.27	-3.89317E-19
265.34	-5.29522E-19
265.41	-6.69508E-19
265.47	-8.03954E-19
265.54	-9.37991E-19
265.61	-1.05482E-18
265.68	-1.17413E-18
265.75	-1.28109E-18
265.82	-1.37265E-18
265.89	-1.43795E-18
265.95	-1.43405E-18
266.02	-1.30513E-18
266.09	-9.93506E-19
266.16	-5.03505E-19
266.23	1.11994E-19
266.3	7.53405E-19
266.37	1.31763E-18
266.44	1.72094E-18
266.5	1.94043E-18
266.57	2.01888E-18
266.64	2.02046E-18
266.71	1.97385E-18
266.78	1.88102E-18
266.85	1.76781E-18
266.91	1.62811E-18
266.98	1.46212E-18
267.05	1.2955E-18
267.12	1.11461E-18
267.19	9.24702E-19
267.26	7.51175E-19
267.33	5.70516E-19
267.39	3.90325E-19
267.46	2.26326E-19
267.53	5.4567E-20
267.6	-1.16065E-19
267.67	-2.70412E-19
267.74	-4.24656E-19
267.81	-5.83393E-19
267.87	-7.15125E-19
267.94	-8.49992E-19
268.01	-9.8773E-19
268.08	-1.10972E-18
268.15	-1.22001E-18
268.22	-1.33428E-18
268.28	-1.439E-18
268.35	-1.50438E-18
268.42	-1.54595E-18
268.49	-1.48597E-18
268.56	-1.25807E-18
268.63	-8.32247E-19
268.69	-2.392E-19
268.76	4.64942E-19
268.83	1.17585E-18
268.9	1.75775E-18
268.97	2.12914E-18
269.04	2.3087E-18
269.11	2.35443E-18
269.17	2.29274E-18
269.24	2.20003E-18
269.31	2.08846E-18
269.38	1.94801E-18
269.45	1.80127E-18
269.52	1.63024E-18
269.58	1.43745E-18
269.65	1.26078E-18
269.72	1.06015E-18
269.79	8.51558E-19
269.86	6.77088E-19
269.92	4.90503E-19
269.99	2.93795E-19
270.06	1.29051E-19
270.13	-3.4385E-20
270.2	-2.13506E-19
270.27	-3.64006E-19
270.33	-5.1589E-19
270.4	-6.75097E-19
270.47	-8.1545E-19
270.54	-9.36633E-19
270.61	-1.08123E-18
270.68	-1.20258E-18
270.74	-1.30257E-18
270.81	-1.40969E-18
270.88	-1.51179E-18
270.95	-1.57305E-18
271.02	-1.5854E-18
271.08	-1.52641E-18
271.15	-1.30914E-18
271.22	-9.00004E-19
271.29	-3.19649E-19
271.36	3.81208E-19
271.43	1.11574E-18
271.49	1.75256E-18
271.56	2.20553E-18
271.63	2.4524E-18
271.7	2.53599E-18
271.77	2.52417E-18
271.83	2.43685E-18
271.9	2.31827E-18
271.97	2.20079E-18
272.04	2.04251E-18
272.11	1.85844E-18
272.17	1.67282E-18
272.24	1.46782E-18
272.31	1.26579E-18
272.38	1.06686E-18
272.45	8.56872E-19
272.52	6.65595E-19
272.58	4.95007E-19
272.65	2.94712E-19
272.72	1.09044E-19
272.79	-4.693E-20
272.86	-2.11538E-19
272.92	-3.89162E-19
272.99	-5.30112E-19
273.06	-6.7206E-19
273.13	-8.20887E-19
273.2	-9.54017E-19
273.26	-1.06877E-18
273.33	-1.19435E-18
273.4	-1.30832E-18
273.47	-1.3936E-18
273.54	-1.48596E-18
273.6	-1.57234E-18
273.67	-1.61822E-18
273.74	-1.60595E-18
273.81	-1.50951E-18
273.88	-1.27162E-18
273.94	-8.39602E-19
274.01	-2.22112E-19
274.08	5.01771E-19
274.15	1.24332E-18
274.21	1.91028E-18
274.28	2.38569E-18
274.35	2.63947E-18
274.42	2.72369E-18
274.49	2.69985E-18
274.55	2.61487E-18
274.62	2.48054E-18
274.69	2.32869E-18
274.76	2.17404E-18
274.83	1.9764E-18
274.89	1.7601E-18
274.96	1.564E-18
275.03	1.35475E-18
275.1	1.1379E-18
275.17	9.41158E-19
275.23	7.42623E-19
275.3	5.48219E-19
275.37	3.72309E-19
275.44	1.93158E-19
275.5	7.76466E-21
275.57	-1.46867E-19
275.64	-2.98541E-19
275.71	-4.61198E-19
275.78	-6.11503E-19
275.84	-7.34912E-19
275.91	-8.68844E-19
275.98	-1.00372E-18
276.05	-1.11752E-18
276.11	-1.22538E-18
276.18	-1.3395E-18
276.25	-1.44086E-18
276.32	-1.52414E-18
276.39	-1.60954E-18
276.45	-1.68219E-18
276.52	-1.70033E-18
276.59	-1.63751E-18
276.66	-1.44516E-18
276.72	-1.04862E-18
276.79	-4.29699E-19
276.86	3.25599E-19
276.93	1.1115E-18
276.99	1.8205E-18
277.06	2.35025E-18
277.13	2.63783E-18
277.2	2.73684E-18
277.26	2.73613E-18
277.33	2.67077E-18
277.4	2.5546E-18
277.47	2.41684E-18
277.54	2.25196E-18
277.6	2.07069E-18
277.67	1.88324E-18
277.74	1.67737E-18
277.81	1.46718E-18
277.87	1.2745E-18
277.94	1.07702E-18
278.01	8.70697E-19
278.08	6.89824E-19
278.14	5.16828E-19
278.21	3.43542E-19
278.28	1.78558E-19
278.35	2.62841E-20
278.41	-1.38186E-19
278.48	-2.92735E-19
278.55	-4.39833E-19
278.62	-5.90245E-19
278.68	-7.37515E-19
278.75	-8.64813E-19
278.82	-9.8672E-19
278.89	-1.11635E-18
278.95	-1.23113E-18
279.02	-1.33005E-18
279.09	-1.4222E-18
279.16	-1.48914E-18
279.22	-1.51494E-18
279.29	-1.50339E-18
279.36	-1.46287E-18
279.43	-1.38167E-18
279.49	-1.23157E-18
279.56	-1.0124E-18
279.63	-7.37411E-19
279.7	-3.77666E-19
279.76	8.50505E-20
279.83	6.24425E-19
279.9	1.17741E-18
279.97	1.70987E-18
280.03	2.17131E-18
280.1	2.48749E-18
280.17	2.61422E-18
280.24	2.62025E-18
280.3	2.55155E-18
280.37	2.41455E-18
280.44	2.26237E-18
280.51	2.08526E-18
280.57	1.89523E-18
280.64	1.70176E-18
280.71	1.50942E-18
280.77	1.31595E-18
280.84	1.12755E-18
280.91	9.58816E-19
280.98	7.71976E-19
281.04	5.9568E-19
281.11	4.22232E-19
281.18	2.6695E-19
281.25	9.56134E-20
281.31	-5.92238E-20
281.38	-2.04727E-19
281.45	-3.54891E-19
281.52	-4.98031E-19
281.58	-6.26973E-19
281.65	-7.5359E-19
281.72	-8.81707E-19
281.78	-9.96251E-19
281.85	-1.10004E-18
281.92	-1.20984E-18
281.99	-1.30871E-18
282.05	-1.39119E-18
282.12	-1.45828E-18
282.19	-1.51315E-18
282.26	-1.53883E-18
282.32	-1.51855E-18
282.39	-1.4496E-18
282.46	-1.3465E-18
282.52	-1.20768E-18
282.59	-9.96033E-19
282.66	-7.30726E-19
282.73	-3.84526E-19
282.79	8.60153E-20
282.86	6.17708E-19
282.93	1.12905E-18
282.99	1.5749E-18
283.06	1.87545E-18
283.13	1.99741E-18
283.2	2.00906E-18
283.26	1.92897E-18
283.33	1.80213E-18
283.4	1.68877E-18
283.46	1.54934E-18
283.53	1.40789E-18
283.6	1.29384E-18
283.67	1.16285E-18
283.73	1.01818E-18
283.8	8.9152E-19
283.87	7.44497E-19
283.93	5.78779E-19
284	4.6213E-19
284.07	3.25552E-19
284.13	1.75159E-19
284.2	4.00329E-20
284.27	-9.17638E-20
284.34	-2.34474E-19
284.4	-3.71461E-19
284.47	-5.0127E-19
284.54	-6.23623E-19
284.6	-7.23287E-19
284.67	-8.28882E-19
284.74	-9.36113E-19
284.81	-1.02225E-18
284.87	-1.10309E-18
284.94	-1.18973E-18
285.01	-1.26639E-18
285.07	-1.31036E-18
285.14	-1.34312E-18
285.21	-1.36268E-18
285.27	-1.35489E-18
285.34	-1.31903E-18
285.41	-1.2771E-18
285.47	-1.22556E-18
285.54	-1.12547E-18
285.61	-9.76753E-19
285.68	-7.95324E-19
285.74	-5.75365E-19
285.81	-3.10166E-19
285.88	3.47773E-20
285.94	4.36069E-19
286.01	8.53364E-19
286.08	1.26023E-18
286.14	1.61801E-18
286.21	1.82899E-18
286.28	1.86961E-18
286.34	1.82163E-18
286.41	1.71637E-18
286.48	1.57443E-18
286.55	1.41844E-18
286.61	1.27289E-18
286.68	1.12001E-18
286.75	9.47687E-19
286.81	7.80544E-19
286.88	6.05584E-19
286.95	4.42704E-19
287.01	2.88311E-19
287.08	1.44696E-19
287.15	2.36422E-20
287.21	-8.73813E-20
287.28	-2.22362E-19
287.35	-3.22216E-19
287.41	-4.06912E-19
287.48	-5.38337E-19
287.55	-6.37592E-19
287.61	-7.01483E-19
287.68	-8.03208E-19
287.75	-9.18155E-19
287.81	-9.80391E-19
287.88	-1.03989E-18
287.95	-1.14674E-18
288.01	-1.22718E-18
288.08	-1.24161E-18
288.15	-1.27645E-18
288.21	-1.33553E-18
288.28	-1.31853E-18
288.35	-1.28703E-18
288.41	-1.2878E-18
288.48	-1.25144E-18
288.55	-1.18337E-18
288.61	-1.09939E-18
288.68	-9.81167E-19
288.75	-8.25059E-19
288.81	-6.36997E-19
288.88	-4.19355E-19
288.95	-2.16069E-19
289.01	-4.16389E-20
289.08	1.74462E-19
289.15	4.47022E-19
289.21	7.29294E-19
289.28	1.02571E-18
289.35	1.32117E-18
289.41	1.53742E-18
289.48	1.64176E-18
289.55	1.66076E-18
289.61	1.60856E-18
289.68	1.51127E-18
289.75	1.38927E-18
289.81	1.24659E-18
289.88	1.09717E-18
289.95	9.51975E-19
290.01	8.07552E-19
290.08	6.65866E-19
290.15	5.21519E-19
290.21	3.94152E-19
290.28	2.6683E-19
290.35	1.61497E-19
290.41	3.85493E-20
290.48	-7.2959E-20
290.55	-1.8772E-19
290.61	-2.92093E-19
290.68	-3.99444E-19
290.74	-5.06319E-19
290.81	-5.84678E-19
290.88	-6.69726E-19
290.94	-7.63243E-19
291.01	-8.29764E-19
291.08	-8.92192E-19
291.14	-9.71103E-19
291.21	-1.02006E-18
291.28	-1.06992E-18
291.34	-1.12486E-18
291.41	-1.15147E-18
291.48	-1.18801E-18
291.54	-1.21424E-18
291.61	-1.20083E-18
291.68	-1.18349E-18
291.74	-1.14141E-18
291.81	-1.0721E-18
291.87	-9.64624E-19
291.94	-8.05356E-19
292.01	-6.14445E-19
292.07	-4.06344E-19
292.14	-1.91615E-19
292.21	-1.51226E-20
292.27	1.41551E-19
292.34	2.85179E-19
292.41	3.78831E-19
292.47	4.92864E-19
292.54	6.83899E-19
292.6	8.65547E-19
292.67	1.01294E-18
292.74	1.18006E-18
292.8	1.31182E-18
292.87	1.32142E-18
292.94	1.25292E-18
293	1.18789E-18
293.07	1.09506E-18
293.13	9.54126E-19
293.2	8.34084E-19
293.27	7.3173E-19
293.33	6.12797E-19
293.4	4.887E-19
293.47	3.9137E-19
293.53	2.56973E-19
293.6	1.52791E-19
293.66	4.54438E-20
293.73	-3.89866E-20
293.8	-1.36618E-19
293.86	-2.01989E-19
293.93	-2.61003E-19
294	-3.37502E-19
294.06	-4.20131E-19
294.13	-4.78039E-19
294.19	-5.15217E-19
294.26	-5.94144E-19
294.33	-6.44218E-19
294.39	-6.74811E-19
294.46	-7.26588E-19
294.52	-7.88575E-19
294.59	-8.2339E-19
294.66	-8.67819E-19
294.72	-9.18279E-19
294.79	-9.54388E-19
294.86	-1.00509E-18
294.92	-1.03744E-18
294.99	-1.02171E-18
295.05	-1.00212E-18
295.12	-9.6014E-19
295.19	-8.80962E-19
295.25	-7.49759E-19
295.32	-5.69293E-19
295.38	-3.56746E-19
295.45	-1.24028E-19
295.52	1.14346E-19
295.58	2.93117E-19
295.65	3.95955E-19
295.71	4.43768E-19
295.78	4.69946E-19
295.85	5.14025E-19
295.91	5.94933E-19
295.98	6.91723E-19
296.04	7.9956E-19
296.11	9.09421E-19
296.18	9.70122E-19
296.24	9.75081E-19
296.31	9.53403E-19
296.37	9.22421E-19
296.44	8.73088E-19
296.51	8.30742E-19
296.57	7.6554E-19
296.64	6.84409E-19
296.7	6.04642E-19
296.77	5.20453E-19
296.84	4.21954E-19
296.9	3.13084E-19
296.97	2.20077E-19
297.03	1.39913E-19
297.1	4.14548E-20
297.17	-4.79885E-20
297.23	-1.10851E-19
297.3	-1.73959E-19
297.36	-2.47792E-19
297.43	-2.86434E-19
297.5	-3.44789E-19
297.56	-3.92243E-19
297.63	-4.30324E-19
297.69	-4.77928E-19
297.76	-5.17158E-19
297.82	-5.42643E-19
297.89	-5.79244E-19
297.96	-6.13094E-19
298.02	-6.42052E-19
298.09	-6.75977E-19
298.15	-7.07916E-19
298.22	-7.36842E-19
298.29	-7.53188E-19
298.35	-7.68317E-19
298.42	-7.87059E-19
298.48	-7.9279E-19
298.55	-7.48275E-19
298.61	-6.92544E-19
298.68	-6.25095E-19
298.75	-5.08342E-19
298.81	-3.30032E-19
298.88	-1.34148E-19
298.94	7.61674E-20
299.01	3.10662E-19
299.08	5.28145E-19
299.14	6.58052E-19
299.21	7.1775E-19
299.27	7.54971E-19
299.34	7.49676E-19
299.4	7.05997E-19
299.47	6.66856E-19
299.54	6.58133E-19
299.6	6.47877E-19
299.67	6.62252E-19
299.73	6.7849E-19
299.8	7.17736E-19
299.86	7.20603E-19
299.93	7.14226E-19
299.99	6.73742E-19
300.06	6.50651E-19
300.13	5.9776E-19
300.19	5.3769E-19
300.26	4.76295E-19
300.32	4.07838E-19
300.39	3.32784E-19
300.45	2.57101E-19
300.52	1.93093E-19
300.59	1.23764E-19
300.65	5.91461E-20
300.72	-2.11374E-21
300.78	-6.09074E-20
300.85	-1.16865E-19
300.91	-1.63423E-19
300.98	-2.07041E-19
301.04	-2.51959E-19
301.11	-2.72537E-19
301.18	-2.97717E-19
301.24	-3.33654E-19
301.31	-3.48484E-19
301.37	-3.60705E-19
301.44	-3.89727E-19
301.5	-4.13048E-19
301.57	-4.28633E-19
301.63	-4.47003E-19
301.7	-4.60397E-19
301.77	-4.59819E-19
301.83	-4.52212E-19
301.9	-4.46046E-19
301.96	-4.40129E-19
302.03	-4.36139E-19
302.09	-4.46363E-19
302.16	-4.62557E-19
302.22	-4.62213E-19
302.29	-4.08135E-19
302.36	-2.81781E-19
302.42	-1.00078E-19
302.49	1.16446E-19
302.55	3.45239E-19
302.62	5.41319E-19
302.68	6.58151E-19
302.75	7.19685E-19
302.81	7.55508E-19
302.88	7.68121E-19
302.94	7.5003E-19
303.01	7.26128E-19
303.07	7.0229E-19
303.14	6.77653E-19
303.21	6.49355E-19
303.27	6.27838E-19
303.34	6.12261E-19
303.4	6.04194E-19
303.47	5.84964E-19
303.53	5.57415E-19
303.6	5.14281E-19
303.66	4.7219E-19
303.73	4.17869E-19
303.79	3.68553E-19
303.86	3.16929E-19
303.92	2.73182E-19
303.99	2.28074E-19
304.05	1.89979E-19
304.12	1.45183E-19
304.19	1.06998E-19
304.25	7.17899E-20
304.32	3.52725E-20
304.38	-5.33885E-21
304.45	-4.4399E-20
304.51	-8.16004E-20
304.58	-1.14359E-19
304.64	-1.43479E-19
304.71	-1.71829E-19
304.77	-1.90236E-19
304.84	-2.07696E-19
304.9	-2.29627E-19
304.97	-2.4989E-19
305.03	-2.63036E-19
305.1	-2.71751E-19
305.16	-2.77516E-19
305.23	-2.70037E-19
305.29	-2.57711E-19
305.36	-2.34214E-19
305.42	-1.94034E-19
305.49	-1.44278E-19
305.56	-9.78445E-20
305.62	-5.12843E-20
305.69	-2.00858E-20
305.75	-1.37609E-20
305.82	-1.45464E-20
305.88	-1.33556E-20
305.95	-3.44421E-21
306.01	1.54633E-20
306.08	5.3313E-20
306.14	9.39913E-20
306.21	1.63921E-19
306.27	2.67916E-19
306.34	3.96343E-19
306.4	5.21101E-19
306.47	6.50711E-19
306.53	7.46624E-19
306.6	7.98219E-19
306.66	8.1857E-19
306.73	8.14056E-19
306.79	7.92954E-19
306.86	7.58272E-19
306.92	7.14667E-19
306.99	6.64918E-19
307.05	6.1971E-19
307.12	5.7691E-19
307.18	5.38002E-19
307.25	4.97093E-19
307.31	4.60056E-19
307.38	4.27434E-19
307.44	3.95969E-19
307.51	3.65844E-19
307.57	3.33066E-19
307.64	2.97051E-19
307.7	2.65636E-19
307.77	2.31476E-19
307.83	1.91544E-19
307.9	1.61297E-19
307.96	1.28183E-19
308.03	9.05681E-20
308.09	5.61962E-20
308.16	2.26198E-20
308.22	-1.04106E-20
308.29	-3.60716E-20
308.35	-6.29971E-20
308.42	-9.03329E-20
308.48	-1.0725E-19
308.55	-1.27303E-19
308.61	-1.54371E-19
308.68	-1.70183E-19
308.74	-1.86864E-19
308.81	-2.10229E-19
308.87	-2.25264E-19
308.94	-2.24496E-19
309	-2.08218E-19
309.07	-1.51353E-19
309.13	-6.48142E-20
309.2	2.88013E-20
309.26	1.25331E-19
309.33	2.12276E-19
309.39	2.6181E-19
309.45	2.8574E-19
309.52	3.05949E-19
309.58	3.11515E-19
309.65	3.01857E-19
309.71	2.92059E-19
309.78	2.85109E-19
309.84	2.66022E-19
309.91	2.45994E-19
309.97	2.49163E-19
310.04	2.85322E-19
310.1	3.43648E-19
310.17	4.11734E-19
310.23	4.90179E-19
310.3	5.5988E-19
310.36	6.03602E-19
310.43	6.1641E-19
310.49	6.20676E-19
310.56	6.22998E-19
310.62	6.13852E-19
310.69	5.91105E-19
310.75	5.70464E-19
310.81	5.52554E-19
310.88	5.27776E-19
310.94	4.98833E-19
311.01	4.67835E-19
311.07	4.34014E-19
311.14	4.0055E-19
311.2	3.64699E-19
311.27	3.33185E-19
311.33	3.07231E-19
311.4	2.81224E-19
311.46	2.5759E-19
311.53	2.34573E-19
311.59	2.12814E-19
311.66	1.88494E-19
311.72	1.62613E-19
311.78	1.353E-19
311.85	1.09764E-19
311.91	8.12135E-20
311.98	5.65783E-20
312.04	3.51154E-20
312.11	1.07026E-20
312.17	-9.93335E-21
312.24	-2.62479E-20
312.3	-4.77385E-20
312.37	-6.56928E-20
312.43	-8.03447E-20
312.5	-1.00348E-19
312.56	-1.22074E-19
312.62	-1.38072E-19
312.69	-1.51542E-19
312.75	-1.53037E-19
312.82	-1.41489E-19
312.88	-1.23814E-19
312.95	-9.64632E-20
313.01	-6.11543E-20
313.08	-1.09692E-20
313.14	6.71176E-20
313.2	1.55145E-19
313.27	2.49036E-19
313.33	3.44555E-19
313.4	4.18276E-19
313.46	4.60288E-19
313.53	4.86941E-19
313.59	4.98243E-19
313.66	4.941E-19
313.72	4.81876E-19
313.78	4.60172E-19
313.85	4.33283E-19
313.91	4.08776E-19
313.98	3.91943E-19
314.04	3.75363E-19
314.11	3.61018E-19
314.17	3.51772E-19
314.24	3.51163E-19
314.3	3.55442E-19
314.36	3.67785E-19
314.43	3.8388E-19
314.49	3.99001E-19
314.56	4.0688E-19
314.62	4.05291E-19
314.69	3.95474E-19
314.75	3.78873E-19
314.81	3.59326E-19
314.88	3.34172E-19
314.94	3.07418E-19
315.01	2.84504E-19
315.07	2.59409E-19
315.14	2.38408E-19
315.2	2.2083E-19
315.27	2.02499E-19
315.33	1.82757E-19
315.39	1.66916E-19
315.46	1.49937E-19
315.52	1.30237E-19
315.59	1.12975E-19
315.65	9.61555E-20
315.72	7.86844E-20
315.78	5.81182E-20
315.84	4.04883E-20
315.91	2.0408E-20
315.97	7.59837E-22
316.04	-8.38068E-21
316.1	-1.60888E-20
316.16	-2.57422E-20
316.23	-2.81969E-20
316.29	-2.93598E-20
316.36	-4.02148E-20
316.42	-4.94543E-20
316.49	-5.67347E-20
316.55	-6.76936E-20
316.61	-8.17686E-20
316.68	-9.30183E-20
316.74	-1.06099E-19
316.81	-1.16606E-19
316.87	-1.29671E-19
316.93	-1.39804E-19
317	-1.33442E-19
317.06	-1.01664E-19
317.13	-4.84514E-20
317.19	2.45304E-20
317.26	1.09793E-19
317.32	1.9304E-19
317.38	2.59845E-19
317.45	3.07836E-19
317.51	3.38386E-19
317.58	3.55919E-19
317.64	3.6168E-19
317.7	3.55762E-19
317.77	3.45728E-19
317.83	3.37832E-19
317.9	3.29755E-19
317.96	3.16769E-19
318.02	3.0239E-19
318.09	2.84892E-19
318.15	2.6445E-19
318.22	2.39319E-19
318.28	2.11302E-19
318.34	1.88188E-19
318.41	1.68087E-19
318.47	1.50415E-19
318.54	1.35893E-19
318.6	1.29961E-19
318.66	1.22147E-19
318.73	1.13608E-19
318.79	1.0017E-19
318.86	8.69735E-20
318.92	7.15903E-20
318.98	5.12735E-20
319.05	3.08053E-20
319.11	1.25101E-20
319.18	-6.24375E-21
319.24	-2.30091E-20
319.3	-3.79741E-20
319.37	-5.32817E-20
319.43	-6.41677E-20
319.5	-7.79975E-20
319.56	-9.27276E-20
319.62	-1.04713E-19
319.69	-1.15859E-19
319.75	-1.30058E-19
319.82	-1.44207E-19
319.88	-1.57115E-19
319.94	-1.66503E-19
320.01	-1.77085E-19