244.97	2.02634E-19
245.04	2.16291E-19
245.11	2.21981E-19
245.18	2.23433E-19
245.25	2.20302E-19
245.32	2.18103E-19
245.39	2.28808E-19
245.46	2.39871E-19
245.53	2.46909E-19
245.6	2.48109E-19
245.67	2.39963E-19
245.74	2.19734E-19
245.81	1.92598E-19
245.88	1.58662E-19
245.95	1.26816E-19
246.02	1.02375E-19
246.09	8.01497E-20
246.16	6.51073E-20
246.23	6.23706E-20
246.3	7.00039E-20
246.37	8.31068E-20
246.44	1.05986E-19
246.51	1.27866E-19
246.58	1.43429E-19
246.65	1.4176E-19
246.72	1.31342E-19
246.79	1.10951E-19
246.87	8.18376E-20
246.94	6.01692E-20
247.01	5.63519E-20
247.08	6.59779E-20
247.15	8.38456E-20
247.22	1.0673E-19
247.29	1.23306E-19
247.36	1.26826E-19
247.43	1.16752E-19
247.5	9.51536E-20
247.57	7.34828E-20
247.64	5.95938E-20
247.71	4.90435E-20
247.78	4.02977E-20
247.85	3.79959E-20
247.92	3.18764E-20
247.99	2.83307E-20
248.06	3.87281E-20
248.13	5.63155E-20
248.2	7.50713E-20
248.27	8.70351E-20
248.34	8.54941E-20
248.41	6.52554E-20
248.48	3.50036E-20
248.55	-5.06563E-21
248.62	-4.11452E-20
248.69	-7.03481E-20
248.76	-9.315E-20
248.83	-1.04463E-19
248.9	-9.08585E-20
248.97	-5.43015E-20
249.04	-1.11034E-20
249.11	3.60645E-20
249.18	7.63798E-20
249.25	9.72814E-20
249.32	9.59631E-20
249.39	8.49532E-20
249.46	6.64701E-20
249.53	4.36971E-20
249.6	2.19996E-20
249.67	6.23145E-21
249.74	-1.05747E-21
249.81	3.68138E-21
249.88	1.43E-20
249.95	2.35646E-20
250.02	2.51399E-20
250.09	1.71933E-20
250.16	-4.51709E-21
250.23	-4.12252E-20
250.3	-8.11152E-20
250.37	-1.15462E-19
250.44	-1.49035E-19
250.51	-1.79132E-19
250.58	-1.93012E-19
250.65	-1.88675E-19
250.72	-1.66428E-19
250.79	-1.23412E-19
250.86	-6.22703E-20
250.93	9.65318E-22
251	4.82255E-20
251.07	7.41445E-20
251.14	7.80259E-20
251.21	5.88832E-20
251.28	2.812E-20
251.35	1.79888E-22
251.42	-2.0148E-20
251.49	-2.71126E-20
251.56	-1.64887E-20
251.63	4.30355E-21
251.7	2.65355E-20
251.77	4.06843E-20
251.84	3.92022E-20
251.91	1.91308E-20
251.98	-1.3146E-20
252.05	-4.98973E-20
252.12	-9.09592E-20
252.18	-1.29931E-19
252.25	-1.69322E-19
252.32	-2.09204E-19
252.39	-2.49327E-19
252.46	-2.77896E-19
252.53	-2.95803E-19
252.6	-2.91334E-19
252.67	-2.5091E-19
252.74	-1.72254E-19
252.81	-7.57965E-20
252.88	1.80561E-20
252.95	9.04807E-20
253.02	1.25627E-19
253.09	1.17272E-19
253.16	8.28218E-20
253.23	4.12163E-20
253.3	4.29857E-21
253.37	-1.75204E-20
253.44	-1.52063E-20
253.51	6.99311E-21
253.58	3.74812E-20
253.65	6.52621E-20
253.72	7.70711E-20
253.79	6.28004E-20
253.86	2.5624E-20
253.93	-2.20599E-20
254	-7.49582E-20
254.07	-1.26286E-19
254.14	-1.71947E-19
254.21	-2.14546E-19
254.28	-2.50862E-19
254.35	-2.77954E-19
254.41	-2.9525E-19
254.48	-3.02966E-19
254.55	-2.93168E-19
254.62	-2.64624E-19
254.69	-2.20786E-19
254.76	-1.63628E-19
254.83	-9.90761E-20
254.9	-3.83893E-20
254.97	6.13122E-21
255.04	3.34596E-20
255.11	4.5347E-20
255.18	4.75316E-20
255.25	4.91396E-20
255.32	5.86323E-20
255.39	8.13362E-20
255.46	1.11194E-19
255.53	1.39581E-19
255.6	1.57051E-19
255.67	1.59265E-19
255.74	1.42038E-19
255.81	1.10817E-19
255.87	6.78261E-20
255.94	2.05184E-20
256.01	-2.66155E-20
256.08	-7.13122E-20
256.15	-1.13117E-19
256.22	-1.48487E-19
256.29	-1.82346E-19
256.36	-2.15766E-19
256.43	-2.51343E-19
256.5	-2.86659E-19
256.57	-3.19469E-19
256.64	-3.44774E-19
256.71	-3.59785E-19
256.78	-3.55642E-19
256.85	-3.28389E-19
256.92	-2.77946E-19
256.99	-2.0706E-19
257.05	-1.22908E-19
257.12	-4.05981E-20
257.19	2.94757E-20
257.26	8.55E-20
257.33	1.34781E-19
257.4	1.8941E-19
257.47	2.51532E-19
257.54	3.11763E-19
257.61	3.59612E-19
257.68	3.8093E-19
257.75	3.69386E-19
257.82	3.25766E-19
257.89	2.67376E-19
257.96	2.03583E-19
258.03	1.40624E-19
258.09	8.08979E-20
258.16	2.36197E-20
258.23	-3.39342E-20
258.3	-9.03925E-20
258.37	-1.49067E-19
258.44	-2.11807E-19
258.51	-2.74587E-19
258.58	-3.37354E-19
258.65	-3.99688E-19
258.72	-4.57713E-19
258.79	-5.07819E-19
258.86	-5.50895E-19
258.93	-5.75296E-19
258.99	-5.66008E-19
259.06	-5.11414E-19
259.13	-4.01432E-19
259.2	-2.34428E-19
259.27	-3.47311E-20
259.34	1.64594E-19
259.41	3.36087E-19
259.48	4.61556E-19
259.55	5.34249E-19
259.62	5.65413E-19
259.69	5.72895E-19
259.76	5.65501E-19
259.82	5.43227E-19
259.89	5.0596E-19
259.96	4.5951E-19
260.03	4.01936E-19
260.1	3.35248E-19
260.17	2.65946E-19
260.24	1.94867E-19
260.31	1.19898E-19
260.38	4.29093E-20
260.45	-3.51314E-20
260.52	-1.14214E-19
260.59	-1.94713E-19
260.65	-2.72359E-19
260.72	-3.48376E-19
260.79	-4.2101E-19
260.86	-4.92108E-19
260.93	-5.59376E-19
261	-6.21576E-19
261.07	-6.75841E-19
261.14	-7.18171E-19
261.21	-7.27296E-19
261.28	-6.76254E-19
261.34	-5.42756E-19
261.41	-3.2052E-19
261.48	-3.81663E-20
261.55	2.53751E-19
261.62	5.02766E-19
261.69	6.74606E-19
261.76	7.55857E-19
261.83	7.75237E-19
261.9	7.68734E-19
261.97	7.57221E-19
262.03	7.386E-19
262.1	7.09143E-19
262.17	6.68284E-19
262.24	6.08487E-19
262.31	5.33373E-19
262.38	4.49577E-19
262.45	3.59364E-19
262.52	2.66349E-19
262.59	1.72332E-19
262.65	7.75056E-20
262.72	-1.6111E-20
262.79	-1.08778E-19
262.86	-2.0137E-19
262.93	-2.8913E-19
263	-3.73912E-19
263.07	-4.58042E-19
263.14	-5.37143E-19
263.21	-6.1396E-19
263.27	-6.87338E-19
263.34	-7.54741E-19
263.41	-8.13465E-19
263.48	-8.54474E-19
263.55	-8.48708E-19
263.62	-7.62091E-19
263.69	-5.70995E-19
263.76	-2.74819E-19
263.82	8.16378E-20
263.89	4.32227E-19
263.96	7.19933E-19
264.03	9.07588E-19
264.1	9.94124E-19
264.17	1.0242E-18
264.24	1.02905E-18
264.31	1.02133E-18
264.38	9.96221E-19
264.44	9.47942E-19
264.51	8.75497E-19
264.58	7.8626E-19
264.65	6.80292E-19
264.72	5.7228E-19
264.79	4.65133E-19
264.86	3.53547E-19
264.92	2.46499E-19
264.99	1.3898E-19
265.06	3.20381E-20
265.13	-7.2049E-20
265.2	-1.71118E-19
265.27	-2.73666E-19
265.34	-3.66061E-19
265.41	-4.58311E-19
265.47	-5.46909E-19
265.54	-6.35238E-19
265.61	-7.12227E-19
265.68	-7.90852E-19
265.75	-8.61341E-19
265.82	-9.21678E-19
265.89	-9.64712E-19
265.95	-9.6215E-19
266.02	-8.77218E-19
266.09	-6.71899E-19
266.16	-3.49049E-19
266.23	5.64904E-20
266.3	4.79104E-19
266.37	8.50861E-19
266.44	1.11659E-18
266.5	1.26121E-18
266.57	1.3129E-18
266.64	1.31393E-18
266.71	1.28322E-18
266.78	1.22205E-18
266.85	1.14745E-18
266.91	1.05541E-18
266.98	9.46037E-19
267.05	8.36251E-19
267.12	7.17064E-19
267.19	5.91937E-19
267.26	4.77603E-19
267.33	3.5857E-19
267.39	2.39846E-19
267.46	1.31791E-19
267.53	1.86243E-20
267.6	-9.37993E-20
267.67	-1.95493E-19
267.74	-2.97118E-19
267.81	-4.01703E-19
267.87	-4.88495E-19
267.94	-5.77351E-19
268.01	-6.68097E-19
268.08	-7.48469E-19
268.15	-8.21127E-19
268.22	-8.96412E-19
268.28	-9.65403E-19
268.35	-1.00847E-18
268.42	-1.03585E-18
268.49	-9.96318E-19
268.56	-8.46148E-19
268.63	-5.65565E-19
268.69	-1.74801E-19
268.76	2.89165E-19
268.83	7.57592E-19
268.9	1.14101E-18
268.97	1.38573E-18
269.04	1.50405E-18
269.11	1.5342E-18
269.17	1.49357E-18
269.24	1.4325E-18
269.31	1.359E-18
269.38	1.26648E-18
269.45	1.16981E-18
269.52	1.05714E-18
269.58	9.3013E-19
269.65	8.13742E-19
269.72	6.81563E-19
269.79	5.44146E-19
269.86	4.29209E-19
269.92	3.06288E-19
269.99	1.767E-19
270.06	6.81729E-20
270.13	-3.94921E-20
270.2	-1.57491E-19
270.27	-2.56632E-19
270.33	-3.56686E-19
270.4	-4.61563E-19
270.47	-5.54017E-19
270.54	-6.33839E-19
270.61	-7.29085E-19
270.68	-8.0902E-19
270.74	-8.74882E-19
270.81	-9.45434E-19
270.88	-1.01268E-18
270.95	-1.05302E-18
271.02	-1.06113E-18
271.08	-1.02223E-18
271.15	-8.79051E-19
271.22	-6.09446E-19
271.29	-2.27026E-19
271.36	2.34791E-19
271.43	7.18797E-19
271.49	1.13841E-18
271.56	1.43691E-18
271.63	1.59959E-18
271.7	1.65471E-18
271.77	1.64695E-18
271.83	1.58944E-18
271.9	1.51134E-18
271.97	1.43397E-18
272.04	1.32971E-18
272.11	1.20846E-18
272.17	1.08619E-18
272.24	9.51145E-19
272.31	8.18066E-19
272.38	6.87026E-19
272.45	5.48701E-19
272.52	4.22705E-19
272.58	3.10337E-19
272.65	1.78399E-19
272.72	5.61E-20
272.79	-4.66336E-20
272.86	-1.55056E-19
272.92	-2.7206E-19
272.99	-3.64893E-19
273.06	-4.58384E-19
273.13	-5.56407E-19
273.2	-6.44087E-19
273.26	-7.19665E-19
273.33	-8.02372E-19
273.4	-8.77427E-19
273.47	-9.33576E-19
273.54	-9.9439E-19
273.6	-1.05127E-18
273.67	-1.08146E-18
273.74	-1.07334E-18
273.81	-1.00975E-18
273.88	-8.52968E-19
273.94	-5.68283E-19
274.01	-1.61383E-19
274.08	3.15619E-19
274.15	8.04262E-19
274.21	1.24375E-18
274.28	1.55704E-18
274.35	1.72429E-18
274.42	1.77983E-18
274.49	1.76416E-18
274.55	1.7082E-18
274.62	1.61974E-18
274.69	1.51973E-18
274.76	1.41788E-18
274.83	1.2877E-18
274.89	1.14522E-18
274.96	1.01605E-18
275.03	8.78224E-19
275.1	7.35386E-19
275.17	6.05801E-19
275.23	4.75027E-19
275.3	3.46981E-19
275.37	2.3112E-19
275.44	1.13125E-19
275.5	-8.98954E-21
275.57	-1.10829E-19
275.64	-2.1072E-19
275.71	-3.17846E-19
275.78	-4.16835E-19
275.84	-4.98108E-19
275.91	-5.86308E-19
275.98	-6.75127E-19
276.05	-7.50066E-19
276.11	-8.21093E-19
276.18	-8.96234E-19
276.25	-9.62974E-19
276.32	-1.0178E-18
276.39	-1.07402E-18
276.45	-1.12185E-18
276.52	-1.13375E-18
276.59	-1.09231E-18
276.66	-9.65527E-19
276.72	-7.04209E-19
276.79	-2.96358E-19
276.86	2.01351E-19
276.93	7.19223E-19
276.99	1.18642E-18
277.06	1.53551E-18
277.13	1.72505E-18
277.2	1.79033E-18
277.26	1.78991E-18
277.33	1.7469E-18
277.4	1.6704E-18
277.47	1.57968E-18
277.54	1.47109E-18
277.6	1.3517E-18
277.67	1.22824E-18
277.74	1.09265E-18
277.81	9.54201E-19
277.87	8.27286E-19
277.94	6.97222E-19
278.01	5.61327E-19
278.08	4.42202E-19
278.14	3.28259E-19
278.21	2.14133E-19
278.28	1.05477E-19
278.35	5.19614E-21
278.41	-1.03128E-19
278.48	-2.04909E-19
278.55	-3.01779E-19
278.62	-4.00834E-19
278.68	-4.97825E-19
278.75	-5.81649E-19
278.82	-6.61922E-19
278.89	-7.47281E-19
278.95	-8.22865E-19
279.02	-8.87992E-19
279.09	-9.48656E-19
279.16	-9.92714E-19
279.22	-1.00967E-18
279.29	-1.00201E-18
279.36	-9.75256E-19
279.43	-9.21705E-19
279.49	-8.22759E-19
279.56	-6.78303E-19
279.63	-4.97063E-19
279.7	-2.59979E-19
279.76	4.49452E-20
279.83	4.00386E-19
279.9	7.64791E-19
279.97	1.11568E-18
280.03	1.41976E-18
280.1	1.62814E-18
280.17	1.7117E-18
280.24	1.71571E-18
280.3	1.6705E-18
280.37	1.58028E-18
280.44	1.48006E-18
280.51	1.36341E-18
280.57	1.23825E-18
280.64	1.11082E-18
280.71	9.84141E-19
280.77	8.56711E-19
280.84	7.32627E-19
280.91	6.215E-19
280.98	4.98444E-19
281.04	3.82328E-19
281.11	2.68095E-19
281.18	1.65832E-19
281.25	5.299E-20
281.31	-4.89876E-20
281.38	-1.44808E-19
281.45	-2.437E-19
281.52	-3.37963E-19
281.58	-4.22878E-19
281.65	-5.06255E-19
281.72	-5.9062E-19
281.78	-6.66049E-19
281.85	-7.34383E-19
281.92	-8.06678E-19
281.99	-8.71779E-19
282.05	-9.26081E-19
282.12	-9.70233E-19
282.19	-1.00634E-18
282.26	-1.02321E-18
282.32	-1.00981E-18
282.39	-9.64324E-19
282.46	-8.96343E-19
282.52	-8.04837E-19
282.59	-6.65334E-19
282.66	-4.90476E-19
282.73	-2.6232E-19
282.79	4.77577E-20
282.86	3.98134E-19
282.93	7.35103E-19
282.99	1.02891E-18
283.06	1.22699E-18
283.13	1.30739E-18
283.2	1.31512E-18
283.26	1.26239E-18
283.33	1.17886E-18
283.4	1.10422E-18
283.46	1.01239E-18
283.53	9.19235E-19
283.6	8.44137E-19
283.67	7.57876E-19
283.73	6.6259E-19
283.8	5.79185E-19
283.87	4.82359E-19
283.93	3.73208E-19
284	2.96396E-19
284.07	2.06452E-19
284.13	1.07398E-19
284.2	1.84111E-20
284.27	-6.8383E-20
284.34	-1.62368E-19
284.4	-2.52589E-19
284.47	-3.38074E-19
284.54	-4.18646E-19
284.6	-4.84276E-19
284.67	-5.53806E-19
284.74	-6.24415E-19
284.81	-6.81129E-19
284.87	-7.34353E-19
284.94	-7.91393E-19
285.01	-8.41861E-19
285.07	-8.70798E-19
285.14	-8.92337E-19
285.21	-9.05182E-19
285.27	-9.00014E-19
285.34	-8.76341E-19
285.41	-8.48674E-19
285.47	-8.14674E-19
285.54	-7.48683E-19
285.61	-6.50656E-19
285.68	-5.31072E-19
285.74	-3.86107E-19
285.81	-2.11328E-19
285.88	1.59934E-20
285.94	2.80436E-19
286.01	5.55429E-19
286.08	8.23551E-19
286.14	1.05932E-18
286.21	1.19837E-18
286.28	1.22518E-18
286.34	1.1936E-18
286.41	1.12429E-18
286.48	1.0308E-18
286.55	9.28064E-19
286.61	8.3219E-19
286.68	7.31503E-19
286.75	6.17997E-19
286.81	5.079E-19
286.88	3.92659E-19
286.95	2.85377E-19
287.01	1.8368E-19
287.08	8.90915E-20
287.15	9.36733E-21
287.21	-6.37534E-20
287.28	-1.52654E-19
287.35	-2.1841E-19
287.41	-2.74185E-19
287.48	-3.60744E-19
287.55	-4.26106E-19
287.61	-4.68173E-19
287.68	-5.35164E-19
287.75	-6.10866E-19
287.81	-6.51843E-19
287.88	-6.91013E-19
287.95	-7.61379E-19
288.01	-8.14353E-19
288.08	-8.23828E-19
288.15	-8.4675E-19
288.21	-8.85647E-19
288.28	-8.74412E-19
288.35	-8.53627E-19
288.41	-8.54102E-19
288.48	-8.30116E-19
288.55	-7.85234E-19
288.61	-7.29872E-19
288.68	-6.51944E-19
288.75	-5.49054E-19
288.81	-4.25116E-19
288.88	-2.81682E-19
288.95	-1.47708E-19
289.01	-3.27523E-20
289.08	1.09664E-19
289.15	2.89282E-19
289.21	4.75293E-19
289.28	6.70631E-19
289.35	8.65335E-19
289.41	1.00784E-18
289.48	1.07662E-18
289.55	1.08917E-18
289.61	1.0548E-18
289.68	9.90718E-19
289.75	9.10365E-19
289.81	8.16373E-19
289.88	7.17948E-19
289.95	6.22308E-19
290.01	5.27171E-19
290.08	4.33841E-19
290.15	3.38757E-19
290.21	2.54858E-19
290.28	1.70992E-19
290.35	1.01613E-19
290.41	2.06244E-20
290.48	-5.28236E-20
290.55	-1.28415E-19
290.61	-1.97166E-19
290.68	-2.67875E-19
290.74	-3.38274E-19
290.81	-3.89882E-19
290.88	-4.45897E-19
290.94	-5.07497E-19
291.01	-5.51305E-19
291.08	-5.92417E-19
291.14	-6.44393E-19
291.21	-6.76629E-19
291.28	-7.09463E-19
291.34	-7.45643E-19
291.41	-7.63161E-19
291.48	-7.87217E-19
291.54	-8.04483E-19
291.61	-7.95626E-19
291.68	-7.84182E-19
291.74	-7.56438E-19
291.81	-7.10755E-19
291.87	-6.39925E-19
291.94	-5.34968E-19
292.01	-4.09162E-19
292.07	-2.72032E-19
292.14	-1.30532E-19
292.21	-1.42271E-20
292.27	8.90174E-20
292.34	1.83667E-19
292.41	2.45389E-19
292.47	3.20537E-19
292.54	4.46422E-19
292.6	5.66121E-19
292.67	6.63247E-19
292.74	7.73376E-19
292.8	8.60204E-19
292.87	8.66543E-19
292.94	8.21419E-19
293	7.78583E-19
293.07	7.17429E-19
293.13	6.24579E-19
293.2	5.45495E-19
293.27	4.78066E-19
293.33	3.99711E-19
293.4	3.17954E-19
293.47	2.53834E-19
293.53	1.65289E-19
293.6	9.66537E-20
293.66	2.59309E-20
293.73	-2.96912E-20
293.8	-9.40115E-20
293.86	-1.37077E-19
293.93	-1.75954E-19
294	-2.26352E-19
294.06	-2.8079E-19
294.13	-3.18938E-19
294.19	-3.43429E-19
294.26	-3.95428E-19
294.33	-4.28416E-19
294.39	-4.48569E-19
294.46	-4.82681E-19
294.52	-5.23519E-19
294.59	-5.46455E-19
294.66	-5.75725E-19
294.72	-6.0897E-19
294.79	-6.32759E-19
294.86	-6.66163E-19
294.92	-6.87478E-19
294.99	-6.7711E-19
295.05	-6.64202E-19
295.12	-6.36541E-19
295.19	-5.8437E-19
295.25	-4.97921E-19
295.32	-3.79014E-19
295.38	-2.38969E-19
295.45	-8.56335E-20
295.52	7.14281E-20
295.58	1.89218E-19
295.65	2.56975E-19
295.71	2.88477E-19
295.78	3.05723E-19
295.85	3.34763E-19
295.91	3.8807E-19
295.98	4.51841E-19
296.04	5.2289E-19
296.11	5.95273E-19
296.18	6.35263E-19
296.24	6.38527E-19
296.31	6.24238E-19
296.37	6.03819E-19
296.44	5.71308E-19
296.51	5.434E-19
296.57	5.00433E-19
296.64	4.4697E-19
296.7	3.94406E-19
296.77	3.38927E-19
296.84	2.74018E-19
296.9	2.02278E-19
296.97	1.40987E-19
297.03	8.81599E-20
297.1	2.32771E-20
297.17	-3.56662E-20
297.23	-7.70946E-20
297.3	-1.18687E-19
297.36	-1.67344E-19
297.43	-1.92816E-19
297.5	-2.31278E-19
297.56	-2.62555E-19
297.63	-2.87659E-19
297.69	-3.19036E-19
297.76	-3.44897E-19
297.82	-3.61701E-19
297.89	-3.85831E-19
297.96	-4.08149E-19
298.02	-4.27241E-19
298.09	-4.49609E-19
298.15	-4.70667E-19
298.22	-4.89742E-19
298.29	-5.00528E-19
298.35	-5.10511E-19
298.42	-5.22877E-19
298.48	-5.26668E-19
298.55	-4.97355E-19
298.61	-4.6065E-19
298.68	-4.16227E-19
298.75	-3.39318E-19
298.81	-2.21847E-19
298.88	-9.28009E-20
298.94	4.57572E-20
299.01	2.00243E-19
299.08	3.43521E-19
299.14	4.29097E-19
299.21	4.6841E-19
299.27	4.92916E-19
299.34	4.89405E-19
299.4	4.60606E-19
299.47	4.34793E-19
299.54	4.29023E-19
299.6	4.22245E-19
299.67	4.31692E-19
299.73	4.42371E-19
299.8	4.68204E-19
299.86	4.70072E-19
299.93	4.65844E-19
299.99	4.39148E-19
300.06	4.23907E-19
300.13	3.89031E-19
300.19	3.49428E-19
300.26	3.08948E-19
300.32	2.63819E-19
300.39	2.14338E-19
300.45	1.64447E-19
300.52	1.22243E-19
300.59	7.65342E-20
300.65	3.39323E-20
300.72	-6.46134E-21
300.78	-4.52261E-20
300.85	-8.21268E-20
300.91	-1.1283E-19
300.98	-1.41602E-19
301.04	-1.71225E-19
301.11	-1.84816E-19
301.18	-2.0144E-19
301.24	-2.25146E-19
301.31	-2.34951E-19
301.37	-2.43033E-19
301.44	-2.6219E-19
301.5	-2.77585E-19
301.57	-2.87889E-19
301.63	-3.00023E-19
301.7	-3.08884E-19
301.77	-3.08539E-19
301.83	-3.03559E-19
301.9	-2.99533E-19
301.96	-2.95666E-19
302.03	-2.93075E-19
302.09	-2.99844E-19
302.16	-3.10552E-19
302.22	-3.10359E-19
302.29	-2.74766E-19
302.36	-1.91553E-19
302.42	-7.18644E-20
302.49	7.07607E-20
302.55	2.21475E-19
302.62	3.50629E-19
302.68	4.27573E-19
302.75	4.68076E-19
302.81	4.91643E-19
302.88	4.99911E-19
302.94	4.87954E-19
303.01	4.72161E-19
303.07	4.56417E-19
303.14	4.4014E-19
303.21	4.2145E-19
303.27	4.07234E-19
303.34	3.96925E-19
303.4	3.9157E-19
303.47	3.78854E-19
303.53	3.60662E-19
303.6	3.32194E-19
303.66	3.0442E-19
303.73	2.68581E-19
303.79	2.36046E-19
303.86	2.01983E-19
303.92	1.73117E-19
303.99	1.43346E-19
304.05	1.18203E-19
304.12	8.86373E-20
304.19	6.34268E-20
304.25	4.01848E-20
304.32	1.60726E-20
304.38	-1.07302E-20
304.45	-3.65186E-20
304.51	-6.10753E-20
304.58	-8.27127E-20
304.64	-1.01945E-19
304.71	-1.20678E-19
304.77	-1.32853E-19
304.84	-1.44412E-19
304.9	-1.58909E-19
304.97	-1.72315E-19
305.03	-1.81024E-19
305.1	-1.86822E-19
305.16	-1.90669E-19
305.23	-1.85798E-19
305.29	-1.77725E-19
305.36	-1.62301E-19
305.42	-1.35877E-19
305.49	-1.03151E-19
305.56	-7.26154E-20
305.62	-4.1988E-20
305.69	-2.14911E-20
305.75	-1.73751E-20
305.82	-1.7953E-20
305.88	-1.72204E-20
305.95	-1.0751E-20
306.01	1.65423E-21
306.08	2.65312E-20
306.14	5.32803E-20
306.21	9.92937E-20
306.27	1.67761E-19
306.34	2.52317E-19
306.4	3.34464E-19
306.47	4.19799E-19
306.53	4.82939E-19
306.6	5.1687E-19
306.66	5.30223E-19
306.73	5.27182E-19
306.79	5.13222E-19
306.86	4.90304E-19
306.92	4.61515E-19
306.99	4.28668E-19
307.05	3.98823E-19
307.12	3.70554E-19
307.18	3.44859E-19
307.25	3.17835E-19
307.31	2.93372E-19
307.38	2.71808E-19
307.44	2.51016E-19
307.51	2.31096E-19
307.57	2.09438E-19
307.64	1.85636E-19
307.7	1.64875E-19
307.77	1.42296E-19
307.83	1.15922E-19
307.9	9.59198E-20
307.96	7.40381E-20
308.03	4.91799E-20
308.09	2.64689E-20
308.16	4.27083E-21
308.22	-1.7557E-20
308.29	-3.45405E-20
308.35	-5.23466E-20
308.42	-7.04343E-20
308.48	-8.16469E-20
308.55	-9.49369E-20
308.61	-1.12838E-19
308.68	-1.23335E-19
308.74	-1.34393E-19
308.81	-1.49866E-19
308.87	-1.59841E-19
308.94	-1.59415E-19
309	-1.48758E-19
309.07	-1.11371E-19
309.13	-5.44204E-20
309.2	7.18065E-21
309.26	7.0713E-20
309.33	1.27919E-19
309.39	1.60485E-19
309.45	1.76181E-19
309.52	1.89413E-19
309.58	1.93009E-19
309.65	1.86561E-19
309.71	1.80033E-19
309.78	1.75368E-19
309.84	1.62718E-19
309.91	1.49437E-19
309.97	1.51451E-19
310.04	1.75189E-19
310.1	2.13545E-19
310.17	2.58318E-19
310.23	3.09929E-19
310.3	3.55766E-19
310.36	3.84498E-19
310.43	3.92848E-19
310.49	3.95582E-19
310.56	3.97022E-19
310.62	3.90918E-19
310.69	3.75839E-19
310.75	3.6216E-19
310.81	3.50281E-19
310.88	3.33863E-19
310.94	3.14714E-19
311.01	2.94196E-19
311.07	2.71832E-19
311.14	2.49688E-19
311.2	2.25985E-19
311.27	2.05126E-19
311.33	1.87944E-19
311.4	1.70712E-19
311.46	1.55058E-19
311.53	1.39796E-19
311.59	1.25376E-19
311.66	1.09254E-19
311.72	9.21175E-20
311.78	7.40369E-20
311.85	5.71127E-20
311.91	3.82162E-20
311.98	2.18847E-20
312.04	7.65732E-21
312.11	-8.52846E-21
312.17	-2.22118E-20
312.24	-3.30626E-20
312.3	-4.73097E-20
312.37	-5.92418E-20
312.43	-6.89839E-20
312.5	-8.22672E-20
312.56	-9.6671E-20
312.62	-1.073E-19
312.69	-1.1628E-19
312.75	-1.17355E-19
312.82	-1.09852E-19
312.88	-9.82961E-20
312.95	-8.03813E-20
313.01	-5.7208E-20
313.08	-2.42485E-20
313.14	2.711E-20
313.2	8.50181E-20
313.27	1.46774E-19
313.33	2.09617E-19
313.4	2.58082E-19
313.46	2.85669E-19
313.53	3.0312E-19
313.59	3.10472E-19
313.66	3.07631E-19
313.72	2.99482E-19
313.78	2.85085E-19
313.85	2.67256E-19
313.91	2.51011E-19
313.98	2.39806E-19
314.04	2.28785E-19
314.11	2.19218E-19
314.17	2.13028E-19
314.24	2.12511E-19
314.3	2.15232E-19
314.36	2.23265E-19
314.43	2.33754E-19
314.49	2.43616E-19
314.56	2.4869E-19
314.62	2.47541E-19
314.69	2.40955E-19
314.75	2.29914E-19
314.81	2.16933E-19
314.88	2.0024E-19
314.94	1.82508E-19
315.01	1.67289E-19
315.07	1.5065E-19
315.14	1.36691E-19
315.2	1.25004E-19
315.27	1.12803E-19
315.33	9.96903E-20
315.39	8.91466E-20
315.46	7.78351E-20
315.52	6.47481E-20
315.59	5.32495E-20
315.65	4.20593E-20
315.72	3.04216E-20
315.78	1.67622E-20
315.84	5.03712E-21
315.91	-8.3212E-21
315.97	-2.1377E-20
316.04	-2.75282E-20
316.1	-3.27176E-20
316.16	-3.91892E-20
316.23	-4.09366E-20
316.29	-4.18147E-20
316.36	-4.90979E-20
316.42	-5.52986E-20
316.49	-6.02276E-20
316.55	-6.75619E-20
316.61	-7.69498E-20
316.68	-8.44957E-20
316.74	-9.32295E-20
316.81	-1.00287E-19
316.87	-1.09011E-19
316.93	-1.15804E-19
317	-1.11748E-19
317.06	-9.09267E-20
317.13	-5.60025E-20
317.19	-8.03345E-21
317.26	4.80071E-20
317.32	1.02739E-19
317.38	1.46637E-19
317.45	1.78118E-19
317.51	1.98127E-19
317.58	2.09539E-19
317.64	2.13213E-19
317.7	2.09192E-19
317.77	2.02439E-19
317.83	1.97114E-19
317.9	1.91649E-19
317.96	1.82969E-19
318.02	1.73371E-19
318.09	1.61697E-19
318.15	1.48103E-19
318.22	1.31399E-19
318.28	1.12812E-19
318.34	9.7457E-20
318.41	8.40649E-20
318.47	7.22938E-20
318.54	6.25768E-20
318.6	5.85405E-20
318.66	5.32632E-20
318.73	4.74867E-20
318.79	3.85035E-20
318.86	2.96566E-20
318.92	1.93904E-20
318.98	5.87308E-21
319.05	-7.76643E-21
319.11	-1.99527E-20
319.18	-3.24638E-20
319.24	-4.36431E-20
319.3	-5.36366E-20
319.37	-6.38786E-20
319.43	-7.11856E-20
319.5	-8.04551E-20
319.56	-9.02958E-20
319.62	-9.83289E-20
319.69	-1.05832E-19
319.75	-1.15323E-19
319.82	-1.24806E-19
319.88	-1.33449E-19
319.94	-1.39773E-19
320.01	-1.46907E-19